run8 >
   182 |   4838.4 |         1247.578 |         1257.600 |                  |  yes   
   183 |   4838.0 |         1234.652 |         1258.275 |                  |  no    
   184 |   4838.3 |         1233.029 |         1257.414 |                  |  yes   
   185 |   4838.3 |         1231.807 |         1259.166 |                  |  no    
   186 |   4838.3 |         1231.375 |         1257.627 |                  |  no    
   187 |   4838.4 |         1231.186 |         1260.146 |                  |  no    
   188 |   4838.4 |         1230.803 |         1259.058 |                  |  no    
   189 |   4838.5 |         1230.595 |         1259.410 |                  |  no    
   190 |   4838.3 |         1229.959 |         1259.156 |                  |  no    
   191 |   4838.4 |         1230.204 |         1261.344 |                  |  no    
   192 |   4838.5 |         1230.144 |         1261.272 |                  |  no    
   193 |   4838.4 |         1229.542 |         1260.845 |                  |  no    
   194 |   4838.1 |         1229.444 |         1260.589 |                  |  no    
   195 |   4838.4 |         1229.639 |         1261.786 |                  |  no    
   196 |   4838.5 |         1229.064 |         1259.902 |                  |  no    
   197 |   4838.3 |         1229.372 |         1260.195 |                  |  no    
   198 |   4838.2 |         1228.967 |         1261.472 |                  |  no    
   199 |   4838.4 |         1228.902 |         1261.322 |                  |  no    
   200 |   4838.3 |         1229.006 |         1259.991 |                  |  no    
   201 |   4838.7 |         1228.840 |         1261.771 |                  |  no    
   202 |   4838.3 |         1228.626 |         1261.779 |                  |  no    
   203 |   4838.4 |         1228.529 |         1260.768 |                  |  no    
   204 |   4838.4 |         1228.246 |         1261.284 |                  |  no    
   205 |   4838.1 |         1228.246 |         1262.655 |                  |  no    
   206 |   4838.2 |         1228.142 |         1264.373 |                  |  no    
   207 |   4838.4 |         1228.018 |         1261.925 |                  |  no    
   208 |   4838.4 |         1227.953 |         1262.492 |                  |  no    
   209 |   4838.3 |         1227.948 |         1262.126 |                  |  no    
   210 |   4838.2 |         1227.971 |         1261.199 |                  |  no    
   211 |   4838.3 |         1227.583 |         1261.354 |                  |  no    
   212 |   4838.4 |         1227.467 |         1260.257 |                  |  no    
   
