run6 > 
     1 |   4847.2 |         2294.287 |         1761.114 |                  |  yes   
     2 |   4847.6 |         1965.731 |         1643.715 |                  |  yes   
     3 |   4847.2 |         1869.236 |         1589.812 |                  |  yes   
     4 |   4847.0 |         1813.789 |         1556.586 |                  |  yes   
     5 |   4847.3 |         1771.325 |         1548.562 |                  |  yes   
     6 |   4847.2 |         1737.349 |         1503.187 |                  |  yes   
     7 |   4847.0 |         1709.734 |         1478.042 |                  |  yes   
     8 |   4847.1 |         1687.484 |         1473.653 |                  |  yes   
     9 |   4847.2 |         1670.217 |         1505.440 |                  |  no    
    10 |   4846.8 |         1653.391 |         1446.040 |                  |  yes   
    11 |   4847.2 |         1630.596 |         1417.770 |                  |  yes   
    12 |   4846.9 |         1615.773 |         1426.591 |                  |  no    
    13 |   4847.1 |         1602.556 |         1404.555 |                  |  yes   
    14 |   4846.8 |         1591.189 |         1396.546 |                  |  yes   
    15 |   4846.8 |         1579.129 |         1385.641 |                  |  yes   
    16 |   4846.9 |         1569.546 |         1388.314 |                  |  no    
    17 |   4846.9 |         1559.630 |         1375.495 |                  |  yes   
    18 |   4847.1 |         1549.773 |         1396.663 |                  |  no    
    19 |   4847.3 |         1544.253 |         1359.820 |                  |  yes   
    20 |   4846.9 |         1534.159 |         1367.038 |                  |  no    
    21 |   4847.2 |         1527.533 |         1353.491 |                  |  yes   
    22 |   4847.0 |         1519.617 |         1350.866 |                  |  yes   
    23 |   4847.2 |         1513.211 |         1338.646 |                  |  yes   
    24 |   4847.0 |         1506.711 |         1341.090 |                  |  no    
    25 |   4847.0 |         1502.428 |         1341.763 |                  |  no    
    26 |   4847.1 |         1497.354 |         1340.744 |                  |  no    
    27 |   4846.8 |         1491.535 |         1339.578 |                  |  no    
    28 |   4847.3 |         1487.125 |         1332.008 |                  |  yes   
    29 |   4847.2 |         1480.851 |         1330.790 |                  |  yes   
    30 |   4847.2 |         1475.595 |         1332.402 |                  |  no    
    31 |   4847.0 |         1471.050 |         1330.283 |                  |  yes   
    32 |   4847.1 |         1470.802 |         1322.074 |                  |  yes   
    33 |   4847.0 |         1462.868 |         1314.791 |                  |  yes   
    34 |   4847.2 |         1460.163 |         1320.369 |                  |  no    
    35 |   4846.9 |         1455.590 |         1318.040 |                  |  no    
    36 |   4847.1 |         1452.280 |         1311.351 |                  |  yes   
    37 |   4847.3 |         1447.753 |         1314.560 |                  |  no    
    38 |   4847.1 |         1444.119 |         1311.252 |                  |  yes   
    39 |   4847.2 |         1440.778 |         1309.435 |                  |  yes   
    40 |   4847.1 |         1437.929 |         1309.556 |                  |  no    
    41 |   4846.9 |         1436.452 |         1312.667 |                  |  no    
    42 |   4847.1 |         1432.883 |         1302.682 |                  |  yes   
    43 |   4846.8 |         1427.809 |         1307.550 |                  |  no    
    44 |   4847.1 |         1426.315 |         1305.022 |                  |  no    
    45 |   4847.1 |         1423.128 |         1301.971 |                  |  yes   
    46 |   4847.2 |         1420.569 |         1302.791 |                  |  no    
    47 |   4847.3 |         1418.390 |         1298.454 |                  |  yes   
    48 |   4847.1 |         1413.647 |         1294.347 |                  |  yes   
    49 |   4847.0 |         1412.030 |         1302.446 |                  |  no    
    50 |   4847.1 |         1409.114 |         1294.544 |                  |  no    
    51 |   4847.3 |         1405.555 |         1297.686 |                  |  no    
    52 |   4847.1 |         1406.719 |         1302.157 |                  |  no    
    53 |   4847.2 |         1403.940 |         1290.958 |                  |  yes   
    54 |   4847.2 |         1400.610 |         1287.221 |                  |  yes   
    55 |   4847.2 |         1398.537 |         1299.440 |                  |  no    
    56 |   4847.2 |         1396.916 |         1293.050 |                  |  no    
    57 |   4847.3 |         1393.173 |         1290.556 |                  |  no    
    58 |   4847.0 |         1390.776 |         1295.485 |                  |  no    
    59 |   4847.2 |         1389.525 |         1290.886 |                  |  no    
    60 |   4847.3 |         1387.495 |         1290.729 |                  |  no    
    61 |   4847.2 |         1386.998 |         1286.594 |                  |  yes   
    62 |   4846.8 |         1384.142 |         1287.835 |                  |  no    
    63 |   4846.9 |         1380.594 |         1294.225 |                  |  no    
    64 |   4847.2 |         1379.837 |         1285.928 |                  |  yes   
    65 |   4847.2 |         1377.573 |         1290.857 |                  |  no    
    66 |   4846.9 |         1376.070 |         1292.012 |                  |  no    
    67 |   4847.2 |         1374.104 |         1289.588 |                  |  no    
    68 |   4847.0 |         1372.345 |         1284.382 |                  |  yes   
    69 |   4847.0 |         1371.961 |         1288.336 |                  |  no    
    70 |   4847.2 |         1370.101 |         1279.423 |                  |  yes   
    71 |   4847.1 |         1367.091 |         1281.451 |                  |  no    
    72 |   4847.2 |         1365.141 |         1285.311 |                  |  no    
    73 |   4846.9 |         1363.780 |         1282.050 |                  |  no    
    74 |   4847.0 |         1362.827 |         1284.039 |                  |  no    
    75 |   4847.2 |         1363.077 |         1297.496 |                  |  no    
    76 |   4846.7 |         1361.848 |         1278.555 |                  |  yes   
    77 |   4846.9 |         1358.241 |         1284.961 |                  |  no    
    78 |   4846.9 |         1355.935 |         1287.762 |                  |  no    
    79 |   4847.1 |         1355.730 |         1283.486 |                  |  no    
    80 |   4847.1 |         1353.866 |         1282.065 |                  |  no    
    81 |   4846.9 |         1351.511 |         1280.071 |                  |  no    
    82 |   4847.1 |         1349.730 |         1284.799 |                  |  no    
    83 |   4847.0 |         1349.442 |         1285.848 |                  |  no    
    84 |   4847.0 |         1348.745 |         1280.064 |                  |  no    
    85 |   4847.1 |         1347.242 |         1279.321 |                  |  no    
    86 |   4846.8 |         1344.725 |         1278.428 |                  |  yes   
    87 |   4847.0 |         1344.852 |         1283.076 |                  |  no    
    88 |   4846.9 |         1342.250 |         1275.380 |                  |  yes   
    89 |   4846.9 |         1341.400 |         1276.563 |                  |  no    
    90 |   4847.3 |         1343.174 |         1283.100 |                  |  no    
    91 |   4847.0 |         1340.069 |         1278.372 |                  |  no    
    92 |   4847.1 |         1338.938 |         1271.047 |                  |  yes   
    93 |   4846.8 |         1337.342 |         1277.034 |                  |  no    
    94 |   4847.0 |         1336.479 |         1281.610 |                  |  no    
    95 |   4846.8 |         1334.506 |         1277.204 |                  |  no    
    96 |   4847.0 |         1334.167 |         1286.916 |                  |  no   
run7 >
    97 |   4839.2 |         1333.950 |         1277.230 |                  |  no    
    98 |   4838.9 |         1332.094 |         1274.689 |                  |  no    
    99 |   4838.9 |         1330.199 |         1274.958 |                  |  no    
   100 |   4838.9 |         1328.925 |         1275.213 |                  |  no    
   101 |   4838.7 |         1328.749 |         1278.339 |                  |  no    
   102 |   4838.6 |         1325.801 |         1278.710 |                  |  no    
   103 |   4838.7 |         1326.356 |         1275.138 |                  |  no    
   104 |   4838.7 |         1325.657 |         1275.041 |                  |  no    
   105 |   4838.9 |         1324.263 |         1276.954 |                  |  no    
   106 |   4838.6 |         1321.558 |         1275.902 |                  |  no    
   107 |   4838.8 |         1322.831 |         1274.200 |                  |  no    
   108 |   4838.6 |         1322.419 |         1275.999 |                  |  no    
   109 |   4838.7 |         1320.097 |         1282.735 |                  |  no    
   110 |   4839.0 |         1320.598 |         1276.354 |                  |  no    
   111 |   4838.5 |         1317.851 |         1272.821 |                  |  no    
   112 |   4838.6 |         1317.781 |         1272.531 |                  |  no    
   113 |   4838.8 |         1317.454 |         1274.344 |                  |  no    
   114 |   4838.2 |         1317.885 |         1273.954 |                  |  no    
   115 |   4839.0 |         1315.451 |         1274.546 |                  |  no    
   116 |   4838.7 |         1313.855 |         1274.113 |                  |  no    
   117 |   4838.6 |         1312.790 |         1271.745 |                  |  no    
   118 |   4838.6 |         1311.923 |         1280.698 |                  |  no    
   119 |   4838.7 |         1314.005 |         1268.322 |                  |  yes   
   120 |   4838.6 |         1308.988 |         1276.996 |                  |  no    
   121 |   4838.9 |         1308.643 |         1273.008 |                  |  no    
   122 |   4838.9 |         1307.896 |         1275.138 |                  |  no    
   123 |   4838.8 |         1309.833 |         1269.060 |                  |  no    
   124 |   4838.7 |         1306.095 |         1275.894 |                  |  no    
   125 |   4838.9 |         1306.575 |         1270.934 |                  |  no    
   126 |   4839.0 |         1306.147 |         1272.700 |                  |  no    
   127 |   4838.7 |         1304.921 |         1276.128 |                  |  no    
   128 |   4838.7 |         1302.257 |         1274.475 |                  |  no    
   129 |   4838.7 |         1305.082 |         1271.852 |                  |  no    
   130 |   4847.7 |         1300.646 |         1273.370 |                  |  no    
   131 |   4847.7 |         1303.351 |         1273.457 |                  |  no    
   132 |   4847.8 |         1299.806 |         1277.086 |                  |  no    
   133 |   4847.9 |         1299.982 |         1273.628 |                  |  no    
   134 |   4847.7 |         1300.223 |         1270.579 |                  |  no    
   135 |   4847.9 |         1299.315 |         1277.981 |                  |  no    
   136 |   4847.8 |         1298.850 |         1271.329 |                  |  no    
   137 |   4847.7 |         1297.906 |         1268.251 |                  |  yes   
   138 |   4847.8 |         1297.479 |         1268.073 |                  |  yes   
   139 |   4847.8 |         1296.983 |         1274.984 |                  |  no    
   140 |   4847.6 |         1294.549 |         1278.662 |                  |  no    
   141 |   4847.8 |         1295.162 |         1270.531 |                  |  no    
   142 |   4847.7 |         1294.664 |         1274.323 |                  |  no    
   143 |   4847.4 |         1292.743 |         1275.389 |                  |  no    
   144 |   4847.3 |         1292.752 |         1274.939 |                  |  no    
   145 |   4848.0 |         1292.225 |         1266.504 |                  |  yes   
   146 |   4847.4 |         1290.988 |         1272.149 |                  |  no    
   147 |   4847.7 |         1289.569 |         1266.771 |                  |  no    
   148 |   4847.6 |         1289.424 |         1276.576 |                  |  no    
   149 |   4847.8 |         1289.920 |         1272.866 |                  |  no    
   150 |   4847.8 |         1288.207 |         1274.341 |                  |  no    
   151 |   4847.9 |         1288.062 |         1273.761 |                  |  no    
   152 |   4848.0 |         1289.090 |         1271.443 |                  |  no    
   153 |   4847.6 |         1287.830 |         1273.950 |                  |  no    
   154 |   4847.3 |         1286.545 |         1272.149 |                  |  no    
   155 |   4847.5 |         1287.590 |         1275.380 |                  |  no    
   156 |   4847.6 |         1284.154 |         1268.528 |                  |  no    
   157 |   4847.6 |         1284.661 |         1272.699 |                  |  no    
   158 |   4847.7 |         1285.121 |         1272.179 |                  |  no    
   159 |   4847.8 |         1283.436 |         1276.271 |                  |  no    
   160 |   4847.8 |         1283.848 |         1271.671 |                  |  no    
   161 |   4847.5 |         1282.363 |         1272.941 |                  |  no    
   162 |   4847.9 |         1283.025 |         1267.490 |                  |  no    
   163 |   4847.5 |         1281.245 |         1273.389 |                  |  no    
   164 |   4848.0 |         1280.158 |         1268.045 |                  |  no    
   165 |   4847.5 |         1280.325 |         1268.787 |                  |  no    
   166 |   4847.9 |         1279.446 |         1268.820 |                  |  no    
   167 |   4847.5 |         1280.194 |         1269.727 |                  |  no    
   168 |   4847.7 |         1278.489 |         1269.871 |                  |  no    
   169 |   4847.6 |         1277.986 |         1266.677 |                  |  no    
   170 |   4847.5 |         1277.722 |         1267.784 |                  |  no    
   171 |   4847.6 |         1277.829 |         1265.939 |                  |  yes   
   172 |   4847.6 |         1276.752 |         1271.215 |                  |  no    
   173 |   4847.4 |         1276.748 |         1272.730 |                  |  no    
   174 |   4847.7 |         1276.345 |         1274.225 |                  |  no    
   175 |   4847.8 |         1276.960 |         1274.091 |                  |  no    
   176 |   4847.7 |         1273.756 |         1268.787 |                  |  no    
   177 |   4847.7 |         1274.110 |         1268.820 |                  |  no    
   178 |   4847.5 |         1274.311 |         1267.575 |                  |  no    
   179 |   4847.6 |         1273.272 |         1269.265 |                  |  no    
   180 |   4847.7 |         1271.884 |         1265.848 |                  |  yes   
   181 |   4847.8 |         1271.661 |         1262.809 |                  |  yes   
   182 |   4847.7 |         1271.634 |         1273.105 |                  |  no    
   183 |   4847.7 |         1271.003 |         1267.971 |                  |  no    
   184 |   4847.8 |         1271.947 |         1270.609 |                  |  no    
   185 |   4847.8 |         1270.665 |         1273.621 |                  |  no    
   186 |   4847.9 |         1272.724 |         1266.904 |                  |  no    
   187 |   4847.7 |         1269.046 |         1269.462 |                  |  no    
   188 |   4847.4 |         1271.309 |         1266.392 |                  |  no    
   189 |   4847.7 |         1269.119 |         1271.218 |                  |  no    
   190 |   4847.7 |         1270.742 |         1269.725 |                  |  no    
   191 |   4847.6 |         1268.902 |         1268.562 |                  |  no    
   192 |   4847.7 |         1270.346 |         1270.769 |                  |  no    
   193 |   4847.7 |         1268.343 |         1271.685 |                  |  no    
   194 |   4847.7 |         1267.749 |         1272.695 |                  |  no    
   195 |   4847.6 |         1268.657 |         1272.842 |                  |  no    
   196 |   4847.8 |         1267.345 |         1271.195 |                  |  no    
   197 |   4847.7 |         1266.778 |         1273.928 |                  |  no    
   198 |   4847.5 |         1267.229 |         1271.003 |                  |  no    
   199 |   4848.0 |         1267.997 |         1270.139 |                  |  no    
   200 |   4847.7 |         1265.062 |         1269.266 |                  |  no    
   201 |   4847.7 |         1266.368 |         1271.777 |                  |  no    
   202 |   4847.7 |         1264.865 |         1269.758 |                  |  no    
   203 |   4847.5 |         1262.662 |         1268.259 |                  |  no    
   204 |   4847.4 |         1265.579 |         1266.640 |                  |  no    
   205 |   4847.7 |         1263.303 |         1269.770 |                  |  no    
   206 |   4847.6 |         1263.395 |         1271.904 |                  |  no    
   207 |   4847.6 |         1261.966 |         1268.041 |                  |  no    
   208 |   4847.8 |         1262.173 |         1266.828 |                  |  no    
   209 |   4847.7 |         1262.188 |         1278.991 |                  |  no    
   210 |   4847.6 |         1261.109 |         1267.108 |                  |  no    
   211 |   4847.8 |         1261.091 |         1271.774 |                  |  no    
run8 >
   182 |   4838.4 |         1247.578 |         1257.600 |                  |  yes   
   183 |   4838.0 |         1234.652 |         1258.275 |                  |  no    
   184 |   4838.3 |         1233.029 |         1257.414 |                  |  yes   
   185 |   4838.3 |         1231.807 |         1259.166 |                  |  no    
   186 |   4838.3 |         1231.375 |         1257.627 |                  |  no    
   187 |   4838.4 |         1231.186 |         1260.146 |                  |  no    
   188 |   4838.4 |         1230.803 |         1259.058 |                  |  no    
   189 |   4838.5 |         1230.595 |         1259.410 |                  |  no    
   190 |   4838.3 |         1229.959 |         1259.156 |                  |  no    
   191 |   4838.4 |         1230.204 |         1261.344 |                  |  no    
   192 |   4838.5 |         1230.144 |         1261.272 |                  |  no    
   193 |   4838.4 |         1229.542 |         1260.845 |                  |  no    
   194 |   4838.1 |         1229.444 |         1260.589 |                  |  no    
   195 |   4838.4 |         1229.639 |         1261.786 |                  |  no    
   196 |   4838.5 |         1229.064 |         1259.902 |                  |  no    
   197 |   4838.3 |         1229.372 |         1260.195 |                  |  no    
   198 |   4838.2 |         1228.967 |         1261.472 |                  |  no    
   199 |   4838.4 |         1228.902 |         1261.322 |                  |  no    
   200 |   4838.3 |         1229.006 |         1259.991 |                  |  no    
   201 |   4838.7 |         1228.840 |         1261.771 |                  |  no    
   202 |   4838.3 |         1228.626 |         1261.779 |                  |  no    
   203 |   4838.4 |         1228.529 |         1260.768 |                  |  no    
   204 |   4838.4 |         1228.246 |         1261.284 |                  |  no    
   205 |   4838.1 |         1228.246 |         1262.655 |                  |  no    
   206 |   4838.2 |         1228.142 |         1264.373 |                  |  no    
   207 |   4838.4 |         1228.018 |         1261.925 |                  |  no    
   208 |   4838.4 |         1227.953 |         1262.492 |                  |  no    
   209 |   4838.3 |         1227.948 |         1262.126 |                  |  no    
   210 |   4838.2 |         1227.971 |         1261.199 |                  |  no    
   211 |   4838.3 |         1227.583 |         1261.354 |                  |  no    
   212 |   4838.4 |         1227.467 |         1260.257 |                  |  no    
